{
  "algo": "pcaEllipse2D",
  "meta": {
    "description": "Calculate 2D PCA Ellipse attributes",
    "version": "0.1"
  },
  "params": {
    "eigvals": [
      3517.359983743213,
      2930.672992465687,
      2156.7680870948075,
      1613.2513140434817,
      1420.6747508448027,
      1191.6838226589123,
      1095.9122876559923,
      909.5779473823906,
      374.0988141107045
    ],
    "eigvecs": [
      [
        -0.268062247650296,
        0.18185251026124433,
        -0.2584053692277636,
        -0.6338233862570583,
        0.4498782076146351,
        -0.437452670381647,
        0.13410377090753428,
        -0.11748396986446386,
        0.032020790541907165
      ],
      [
        0.35244202291704474,
        0.5188937765470051,
        0.1519023662336434,
        -0.21868912940046176,
        0.03211483055941315,
        0.3283056797990613,
        0.1942749114008335,
        -0.19450473633515705,
        -0.592658240110455
      ],
      [
        -0.054035911728858306,
        0.37450731045619023,
        0.5523238040019396,
        -0.25732348536855787,
        -0.5077121493123701,
        -0.2318288672870933,
        0.10642693573611717,
        0.026641734225129134,
        0.4024856632842978
      ],
      [
        0.5411866475077509,
        0.004599554663537804,
        0.18890019856695847,
        -0.04601029180650016,
        0.5124067829412696,
        0.22109432049323308,
        -0.04768630411233177,
        -0.1534433731652827,
        0.576223361691144
      ],
      [
        -0.20363923822793825,
        0.3421799277752808,
        -0.5802893411502714,
        0.04907427516635561,
        -0.24247988131933929,
        0.4437670812562345,
        0.21973048248694765,
        -0.21842470441302053,
        0.38805077253208625
      ],
      [
        -0.4579884950128159,
        0.07907266977416659,
        0.3278231805017398,
        0.29286278425451034,
        0.193290394906925,
        0.018826595108658264,
        -0.20849881839760365,
        -0.7126795816804509,
        -0.040716610750676174
      ],
      [
        -0.3721653944558914,
        0.2678126571140099,
        0.24678831589196484,
        0.3201249406488442,
        0.415412019171985,
        0.1507836560063307,
        0.4157538155918529,
        0.5070109144147196,
        0.03421535133226281
      ],
      [
        0.017990205048280673,
        0.556096448729553,
        -0.1564906481168837,
        0.14332511052208138,
        0.08620107691724735,
        -0.10635919551060831,
        -0.7425346263738911,
        0.2738803942215424,
        0.017048053964399637
      ],
      [
        -0.3436149814129435,
        -0.23042474260947207,
        0.19952421874385837,
        -0.5204917836290618,
        0.009510902471431208,
        0.605715747729328,
        -0.3386895516958893,
        0.1908368368017001,
        -0.0004866514887724881
      ]
    ],
    "path": "C:/Users/IdeRy/ml-under-the-hood/pca_project/data/real_data/fighter_stats_cleaned.pkl",
    "dtype": "pickle",
    "z": 2.0,
    "prune": true
  },
  "params_full": {
    "mean": [
      8.408789772308878e-17,
      -1.3769393252155787e-16,
      1.303362414707876e-16,
      2.6803017399234547e-16,
      -3.468625781077412e-16,
      3.5211807171543425e-17,
      8.408789772308878e-17,
      -6.306592329231659e-17,
      8.934339133078183e-17
    ],
    "width": 5.770654170042735,
    "height": 5.267448765457199
  }
}